
x <- 55-3
