y = 49-7
x <- 55-3
